365
2015-1-1,39,32,26,30,26,22,93,78,60,30.42,30.31,30.22,10,10,7,7,1,,0.00,0,,343
2015-1-2,41,37,33,38,34,29,96,88,76,30.23,30.17,30.10,10,9,2,14,5,20,0.02,7,Rain,195
2015-1-3,41,39,37,38,36,33,97,89,77,30.30,30.26,30.22,10,8,4,7,3,,0.01,7,Rain,202
2015-1-4,50,44,37,48,41,37,97,93,89,30.27,30.16,29.99,10,8,3,24,5,36,1.13,8,Rain,171
2015-1-5,53,52,50,52,50,48,100,92,86,30.31,30.19,30.02,10,9,2,24,18,34,0.47,7,Rain,197
2015-1-6,50,46,42,48,46,42,100,97,89,30.31,30.29,30.27,10,3,0,6,2,,0.00,3,Fog,62
2015-1-7,45,44,43,45,43,41,100,97,90,30.32,30.29,30.24,10,3,0,8,2,,0.00,8,Fog,21
2015-1-8,43,41,39,42,40,38,100,93,85,30.25,30.17,30.11,10,6,0,9,4,,0.00,8,Fog,13
2015-1-9,46,42,39,42,39,37,100,91,76,30.12,30.08,30.02,10,5,0,5,1,,0.00,5,Fog,186
2015-1-10,46,44,43,45,43,41,100,95,86,30.08,30.03,30.00,10,3,0,5,1,,0.29,8,Fog-Rain,206
2015-1-11,48,46,44,46,45,43,100,95,89,30.24,30.14,30.07,10,4,0,4,1,,0.08,8,Fog-Rain,188
2015-1-12,48,42,37,45,42,38,100,95,87,30.44,30.32,30.23,10,5,0,6,1,,0.00,7,Fog,20
2015-1-13,46,44,39,43,41,38,97,91,79,30.47,30.42,30.32,10,9,4,10,4,,0.00,6,,8
2015-1-14,44,40,35,38,36,34,100,91,73,30.31,30.24,30.20,10,8,2,7,3,,0.00,4,,351
2015-1-15,48,41,34,45,39,32,97,90,76,30.22,29.99,29.78,10,8,2,16,2,22,0.38,6,Rain,220
2015-1-16,51,48,43,45,42,35,93,82,68,30.22,30.06,29.82,10,10,10,18,12,26,0.00,2,,189
2015-1-17,55,46,37,53,42,34,100,92,76,30.15,29.86,29.61,10,5,0,24,2,33,0.98,7,Fog-Rain,92
2015-1-18,55,50,46,52,45,42,93,84,71,30.28,30.02,29.62,10,8,2,25,18,36,0.67,7,Rain,199
2015-1-19,51,45,39,44,41,37,93,85,66,30.46,30.40,30.28,10,10,9,13,9,,0.01,4,Rain,189
2015-1-20,48,42,37,41,38,36,100,89,63,30.46,30.42,30.35,10,6,0,12,2,,0.00,3,Fog,350
2015-1-21,43,38,33,39,37,32,100,92,82,30.34,30.30,30.24,10,5,0,7,2,,0.00,5,Fog-Rain,343
2015-1-22,48,45,42,46,43,37,97,91,80,30.41,30.33,30.27,10,7,1,6,2,,0.09,8,Rain,193
2015-1-23,53,50,46,51,48,44,97,92,86,30.41,30.33,30.28,10,6,2,13,5,23,0.38,8,Rain,205
2015-1-24,57,54,52,54,52,51,97,93,87,30.33,30.28,30.21,10,8,2,15,8,18,0.12,8,Rain,201
2015-1-25,57,50,44,52,49,43,100,92,72,30.23,30.13,29.97,10,5,0,9,4,,0.00,5,Fog,184
2015-1-26,61,52,42,48,45,42,100,90,60,30.00,29.96,29.91,10,5,0,8,3,,0.00,2,Fog,200
2015-1-27,52,49,46,48,46,41,97,91,80,30.29,30.08,29.99,10,8,1,10,6,,0.02,7,Rain,198
2015-1-28,50,46,43,44,42,41,93,87,74,30.40,30.36,30.30,10,10,10,6,1,,0.00,6,,10
2015-1-29,50,46,39,42,40,37,93,83,63,30.37,30.34,30.31,10,10,9,8,5,,0.00,2,,5
2015-1-30,44,40,37,41,39,35,100,94,81,30.34,30.30,30.26,10,3,0,5,1,,0.00,6,Fog,273
2015-1-31,43,41,39,41,40,38,100,95,87,30.28,30.22,30.10,10,2,0,6,3,,0.00,8,Fog,10
2015-2-1,48,44,41,45,42,37,97,91,74,30.11,30.07,30.04,10,8,1,15,5,24,0.08,7,Rain,200
2015-2-2,52,47,42,48,43,39,100,90,80,30.07,29.96,29.85,10,7,1,18,6,31,0.26,6,Rain,187
2015-2-3,50,46,43,47,44,41,97,92,83,30.12,30.08,30.02,10,8,2,7,4,,0.06,5,Rain,147
2015-2-4,48,45,42,46,44,42,100,96,86,30.09,29.97,29.73,10,5,0,7,1,,0.43,7,Fog-Rain,10
2015-2-5,57,50,46,53,50,44,97,92,81,29.69,29.55,29.40,10,7,1,17,5,23,0.66,8,Rain,175
2015-2-6,57,54,51,52,49,45,90,80,67,29.48,29.41,29.34,10,10,4,21,14,29,0.37,7,Rain,182
2015-2-7,54,51,48,50,48,46,97,91,80,29.88,29.56,29.36,10,7,2,20,6,31,1.06,8,Rain,173
2015-2-8,54,49,44,48,46,43,97,85,69,29.96,29.82,29.63,10,10,6,12,6,,0.20,6,Rain,49
2015-2-9,54,50,46,50,48,45,97,91,75,30.02,29.79,29.56,10,8,1,14,6,,0.31,8,Rain,168
2015-2-10,54,50,46,49,46,44,93,87,74,30.33,30.22,30.05,10,10,8,21,12,30,0.00,5,Rain,200
2015-2-11,52,48,44,47,45,43,100,92,80,30.25,30.21,30.16,10,5,0,7,1,,0.02,5,Fog-Rain,191
2015-2-12,61,54,48,49,47,46,97,86,58,30.28,30.23,30.19,10,8,0,7,1,,0.04,7,Fog-Rain,211
2015-2-13,57,50,44,49,46,42,100,90,72,30.26,30.18,30.10,10,4,0,8,2,,0.00,3,Fog-Rain,192
2015-2-14,57,52,46,49,46,42,89,83,72,30.45,30.35,30.26,10,10,7,12,3,,0.00,6,,72
2015-2-15,52,48,44,41,40,37,89,77,63,30.47,30.39,30.30,10,10,10,16,9,23,0.00,2,,15
2015-2-16,55,50,45,40,37,33,82,65,45,30.32,30.28,30.23,10,10,10,21,16,28,0.00,0,,10
2015-2-17,57,50,43,39,35,29,80,60,33,30.22,30.16,30.11,10,10,10,15,11,,0.00,0,,11
2015-2-18,53,46,39,44,40,36,93,77,66,30.29,30.23,30.13,10,10,10,7,4,,0.00,5,,194
2015-2-19,52,49,46,48,45,43,93,88,80,30.29,30.26,30.22,10,9,1,9,5,,0.06,8,Rain,204
2015-2-20,52,49,46,47,44,41,96,87,69,30.31,30.28,30.26,10,10,2,7,2,,0.00,7,,230
2015-2-21,52,48,44,42,38,32,89,72,53,30.44,30.33,30.26,10,10,10,16,7,23,0.00,4,,19
2015-2-22,52,48,43,36,27,18,76,48,27,30.46,30.42,30.38,10,10,10,15,7,,0.00,0,,10
2015-2-23,53,43,33,37,32,26,96,69,37,30.45,30.41,30.38,10,10,2,9,2,,0.00,0,,144
2015-2-24,52,44,35,41,36,31,93,74,52,30.42,30.38,30.34,10,10,10,8,2,,0.00,1,,186
2015-2-25,50,44,39,46,43,39,97,91,80,30.43,30.38,30.27,10,8,0,8,3,,0.00,7,Fog-Rain,189
2015-2-26,52,49,46,48,46,43,100,91,80,30.27,30.08,29.81,10,6,0,7,1,,0.13,8,Fog-Rain,193
2015-2-27,48,47,46,47,44,35,97,90,66,29.94,29.78,29.71,10,7,2,15,4,,0.86,8,Rain,6
2015-2-28,52,46,39,34,27,21,75,49,30,30.25,30.15,29.96,10,10,10,18,12,24,0.00,0,,5
2015-3-1,52,43,34,38,34,31,93,70,45,30.26,30.12,29.98,10,10,10,9,3,,0.00,3,Rain,180
2015-3-2,51,46,42,37,33,25,82,65,39,30.16,30.04,29.98,10,10,10,15,11,20,0.01,5,,15
2015-3-3,48,42,35,35,26,16,89,55,29,30.27,30.24,30.18,10,10,10,7,3,,0.00,0,,53
2015-3-4,53,42,32,33,27,23,85,59,31,30.33,30.30,30.27,10,10,10,5,1,,0.00,0,,34
2015-3-5,55,46,37,37,33,28,93,66,37,30.40,30.37,30.30,10,10,10,4,1,,0.00,0,,78
2015-3-6,57,47,37,41,37,34,97,72,41,30.44,30.39,30.36,10,9,2,5,1,,0.00,0,,34
2015-3-7,60,48,37,43,39,37,100,81,47,30.37,30.33,30.25,10,6,0,10,1,,0.00,1,Fog,11
2015-3-8,61,49,37,44,40,37,100,80,48,30.26,30.21,30.11,10,7,0,7,1,,0.00,1,Fog,18
2015-3-9,57,48,39,44,41,38,100,88,53,30.15,30.11,30.06,10,6,0,7,2,,0.00,3,Fog,229
2015-3-10,55,48,42,48,43,41,100,88,62,30.04,29.93,29.79,10,5,0,10,4,18,0.02,4,Fog-Rain,5
2015-3-11,57,52,48,50,48,45,97,85,69,30.17,29.99,29.88,10,9,3,13,4,,0.17,8,Rain,179
2015-3-12,64,57,51,50,47,43,96,75,52,30.44,30.33,30.20,10,10,10,12,7,,0.00,4,Rain,208
2015-3-13,61,54,48,50,46,44,93,74,57,30.31,30.11,29.96,10,10,7,8,3,,0.07,1,Rain,301
2015-3-14,55,53,50,53,50,46,96,90,75,29.99,29.90,29.78,10,8,3,22,7,33,0.94,8,Rain,185
2015-3-15,52,48,44,47,44,39,97,90,76,30.12,29.80,29.60,10,6,2,26,9,39,1.31,8,Rain,349
2015-3-16,55,49,44,44,42,39,96,83,59,30.26,30.20,30.08,10,10,6,12,5,,0.02,6,Rain,353
2015-3-17,55,48,41,47,42,38,93,80,64,30.23,30.11,30.05,10,10,10,10,4,,0.03,5,Rain,185
2015-3-18,59,52,46,45,43,40,93,72,53,30.31,30.26,30.22,10,10,10,7,4,,0.00,5,,191
2015-3-19,61,53,46,47,44,41,89,76,51,30.20,30.11,30.03,10,10,10,8,3,,0.00,4,,194
2015-3-20,53,50,48,49,47,46,93,87,77,30.01,29.93,29.89,10,10,6,9,3,,0.23,5,Rain,210
2015-3-21,55,52,46,49,45,42,93,80,62,30.13,30.04,29.90,10,9,4,20,11,32,0.27,5,Rain,197
2015-3-22,52,46,41,47,43,40,100,91,77,30.09,30.00,29.95,10,8,1,6,2,,0.03,6,Rain,193
2015-3-23,50,44,39,44,42,38,100,92,71,29.99,29.95,29.91,10,5,0,14,2,25,0.34,6,Fog-Rain,174
2015-3-24,54,48,42,44,41,39,97,84,61,30.26,30.09,29.89,10,10,8,12,5,23,0.24,7,Rain,212
2015-3-25,57,51,45,52,47,42,93,87,77,30.32,30.25,30.19,10,10,6,14,6,24,0.27,8,Rain,187
2015-3-26,69,60,52,52,50,46,93,74,45,30.32,30.23,30.13,10,10,10,10,4,,0.00,2,,236
2015-3-27,66,55,46,52,48,45,100,85,60,30.13,30.03,29.96,10,8,0,14,5,22,0.10,3,Fog-Rain,209
2015-3-28,57,52,48,47,44,41,90,77,59,30.36,30.22,30.07,10,10,4,16,12,32,0.05,5,Rain,207
2015-3-29,61,54,46,49,44,41,86,72,52,30.34,30.24,30.16,10,10,10,13,5,18,0.00,7,,196
2015-3-30,63,56,48,49,47,45,97,77,56,30.16,30.02,29.85,10,10,10,8,6,,0.03,5,Rain,215
2015-3-31,55,50,44,47,40,36,90,72,52,30.22,30.06,29.83,10,10,8,17,11,29,0.03,5,Rain,210
2015-4-1,55,47,41,42,39,36,93,78,51,30.34,30.28,30.22,10,10,8,15,7,22,0.05,5,Rain-Thunderstorm,192
2015-4-2,55,48,42,42,40,34,97,80,47,30.44,30.37,30.33,10,10,10,8,3,,0.00,5,,195
2015-4-3,51,46,41,41,39,36,89,78,66,30.32,30.21,30.16,10,10,8,18,6,24,0.02,4,Rain,194
2015-4-4,55,46,37,39,35,27,93,72,35,30.17,30.09,29.93,10,10,10,8,5,,0.00,2,,191
2015-4-5,59,48,39,41,35,25,93,68,28,29.92,29.77,29.65,10,10,5,9,2,,0.00,4,,351
2015-4-6,57,50,44,41,37,32,89,66,39,29.86,29.81,29.73,10,10,10,15,7,18,0.02,5,Rain,218
2015-4-7,55,50,46,45,41,38,89,74,53,29.93,29.86,29.80,10,10,10,18,9,28,0.03,7,Rain,8
2015-4-8,61,52,43,45,41,38,93,73,46,30.16,30.07,29.95,10,10,10,10,3,,0.02,4,Thunderstorm,178
2015-4-9,62,52,42,43,40,34,93,71,36,30.17,30.09,29.97,10,10,10,6,3,,0.00,2,,188
2015-4-10,57,50,44,46,42,39,93,79,51,29.96,29.87,29.79,10,9,2,15,6,24,0.40,5,Rain,194
2015-4-11,51,46,41,42,38,33,89,76,52,30.15,29.99,29.83,10,10,2,20,11,26,0.14,4,Rain,207
2015-4-12,53,48,42,38,37,34,85,69,50,30.25,30.18,30.04,10,10,10,15,10,22,0.00,3,,200
2015-4-13,50,44,39,43,39,36,93,85,66,30.04,29.95,29.87,10,9,3,15,4,20,0.43,6,Rain,188
2015-4-14,54,45,37,39,37,34,89,77,50,30.45,30.23,30.03,10,10,10,14,6,22,0.00,5,,199
2015-4-15,55,46,37,38,34,27,93,65,34,30.57,30.51,30.46,10,10,10,8,4,,0.00,2,,126
2015-4-16,62,52,42,40,37,34,85,58,36,30.47,30.34,30.22,10,10,10,20,5,24,0.00,0,,17
2015-4-17,64,54,45,46,42,37,82,64,43,30.31,30.25,30.22,10,10,10,12,5,,0.00,0,,21
2015-4-18,66,55,46,44,40,34,80,58,32,30.38,30.31,30.24,10,10,10,12,8,,0.00,0,,5
2015-4-19,66,55,44,44,41,38,90,62,37,30.24,30.13,29.99,10,10,10,13,4,,0.00,0,,12
2015-4-20,71,58,45,46,42,40,90,58,32,29.98,29.92,29.83,10,10,10,10,2,,0.00,0,,8
2015-4-21,61,53,46,48,43,34,90,70,51,30.12,29.97,29.87,10,10,10,14,5,24,0.00,4,,207
2015-4-22,59,49,41,40,36,32,89,64,39,30.20,30.14,30.06,10,10,10,9,6,,0.00,3,,207
2015-4-23,51,48,45,45,39,34,90,74,59,30.05,29.89,29.79,10,9,5,15,9,21,0.17,6,Rain,193
2015-4-24,53,48,43,43,40,36,89,79,56,29.89,29.83,29.78,10,10,7,18,11,24,0.17,6,Rain,183
2015-4-25,57,50,44,41,39,34,87,74,49,30.10,29.99,29.90,10,10,10,15,5,22,0.01,5,Rain,181
2015-4-26,59,49,39,47,41,36,89,73,48,30.27,30.21,30.12,10,10,10,8,4,,0.00,4,Rain,186
2015-4-27,73,62,50,54,50,47,96,75,44,30.28,30.16,29.91,10,9,4,8,1,,0.00,5,Rain,46
2015-4-28,61,54,46,52,47,42,93,79,55,30.19,30.10,29.93,10,10,5,12,7,20,0.04,6,Rain,197
2015-4-29,60,52,45,44,42,39,90,73,46,30.30,30.25,30.19,10,10,10,14,8,22,0.00,3,,191
2015-4-30,61,53,46,44,42,38,89,71,47,30.33,30.27,30.14,10,10,10,13,7,,0.00,3,,201
2015-5-1,63,54,46,47,44,40,90,69,50,30.14,30.06,29.99,10,10,10,14,4,18,0.00,4,,340
2015-5-2,64,54,46,41,37,25,76,53,24,30.10,30.05,30.00,10,10,10,10,6,17,0.00,2,,16
2015-5-3,66,55,44,42,36,28,86,53,31,30.03,29.97,29.89,10,10,10,9,4,,0.00,0,,359
2015-5-4,62,53,45,44,42,37,90,69,46,30.00,29.95,29.89,10,10,10,16,7,23,0.00,3,Rain,226
2015-5-5,57,50,45,45,43,37,97,79,49,30.12,30.06,29.99,10,10,3,18,10,24,0.10,7,Rain,205
2015-5-6,60,51,42,44,42,38,100,82,44,30.16,30.13,30.09,10,7,0,10,2,,0.00,6,Fog,346
2015-5-7,66,55,44,46,40,34,100,66,32,30.18,30.12,30.05,10,8,0,13,2,18,0.00,1,Fog,29
2015-5-8,71,58,46,45,40,36,86,54,28,30.07,30.03,29.98,10,10,10,12,3,,0.00,0,,21
2015-5-9,75,62,48,45,39,36,74,45,24,30.11,30.06,30.01,10,10,10,9,2,,0.00,0,,273
2015-5-10,66,58,51,49,47,43,89,73,50,30.09,30.06,30.03,10,10,10,10,6,,0.00,3,,227
2015-5-11,55,53,51,48,46,45,89,79,72,30.06,29.99,29.90,10,10,10,9,6,,0.00,8,Rain,194
2015-5-12,60,54,50,51,49,46,96,88,72,29.88,29.86,29.83,10,9,3,12,5,,0.19,8,Rain,191
2015-5-13,55,52,48,50,48,46,93,89,77,29.94,29.90,29.85,10,9,3,14,7,,0.14,8,Rain,186
2015-5-14,62,55,48,49,47,45,97,81,56,29.94,29.90,29.83,10,9,2,6,1,,0.00,6,Rain,70
2015-5-15,66,57,48,51,48,45,100,85,59,29.96,29.90,29.85,10,7,0,10,3,20,0.00,6,Fog,218
2015-5-16,60,55,51,49,47,45,86,76,69,30.06,30.00,29.94,10,10,10,10,7,,0.00,8,,193
2015-5-17,66,57,50,49,47,46,89,73,52,30.10,30.07,30.04,10,10,10,7,4,,0.00,6,,155
2015-5-18,75,63,53,54,50,47,86,65,45,30.09,30.05,30.00,10,10,10,8,5,,0.00,3,,9
2015-5-19,69,60,53,53,51,50,89,80,59,30.13,30.08,30.01,10,10,10,9,5,,0.00,4,,239
2015-5-20,70,60,50,55,51,49,100,83,57,30.06,29.99,29.87,10,7,0,6,3,,0.00,5,Fog,254
2015-5-21,79,64,51,55,52,50,100,78,43,29.90,29.87,29.82,10,7,0,8,3,,0.00,3,Fog,246
2015-5-22,61,56,53,50,49,48,89,82,69,30.09,29.99,29.91,10,10,10,12,7,,0.00,7,,223
2015-5-23,60,56,52,51,49,48,93,82,69,30.20,30.16,30.10,10,10,10,7,5,,0.00,8,Rain,187
2015-5-24,61,56,51,49,48,46,89,79,64,30.19,30.11,30.03,10,10,10,8,5,,0.00,7,,223
2015-5-25,59,55,51,50,48,46,89,80,69,30.04,30.02,30.01,10,10,10,9,5,,0.00,8,,210
2015-5-26,66,58,51,51,49,48,89,75,52,30.07,30.05,30.01,10,10,10,7,4,,0.00,7,,242
2015-5-27,75,63,51,53,51,49,97,75,44,30.09,30.06,30.00,10,8,0,9,3,,0.00,4,Fog,257
2015-5-28,80,64,51,56,52,50,100,75,44,30.11,30.05,29.99,10,7,0,8,4,,0.00,2,Fog,263
2015-5-29,77,64,53,55,52,47,96,76,45,30.02,29.98,29.89,10,7,0,9,4,,0.00,3,Fog,239
2015-5-30,73,60,48,47,46,44,87,67,40,30.00,29.95,29.89,10,10,10,10,6,,0.00,2,,236
2015-5-31,73,62,51,52,48,46,89,65,40,29.94,29.86,29.78,10,10,10,13,4,,0.00,1,,7
2015-6-1,63,56,53,53,50,45,93,84,57,29.96,29.91,29.80,10,10,7,10,6,,0.08,7,Rain,215
2015-6-2,61,57,53,53,50,48,94,83,67,30.08,30.02,29.96,10,10,8,12,8,20,0.01,8,Rain,199
2015-6-3,66,59,52,51,49,48,89,74,52,30.09,30.06,30.04,10,10,10,9,7,,0.00,6,,218
2015-6-4,71,60,51,49,47,45,83,63,41,30.14,30.11,30.07,10,10,10,12,4,,0.00,3,,359
2015-6-5,77,64,52,50,48,45,86,56,33,30.15,30.09,30.01,10,10,10,15,6,18,0.00,0,,6
2015-6-6,84,68,54,54,50,46,75,51,32,30.06,30.02,29.97,10,10,10,10,3,17,0.00,0,,17
2015-6-7,86,72,59,53,50,47,78,50,29,30.06,30.01,29.97,10,10,10,13,4,,0.00,0,,2
2015-6-8,84,70,57,54,49,32,78,49,22,30.02,29.97,29.92,10,10,10,14,4,18,0.00,0,,16
2015-6-9,84,70,57,51,46,37,62,45,28,29.98,29.93,29.85,10,10,10,8,3,,0.00,0,,313
2015-6-10,77,63,51,51,48,46,88,66,37,30.04,29.98,29.93,10,10,8,8,6,,0.00,2,,235
2015-6-11,75,62,50,52,48,45,89,65,41,30.16,30.10,30.05,10,10,10,8,5,,0.00,2,,226
2015-6-12,66,58,51,46,45,43,80,64,43,30.21,30.16,30.12,10,10,10,9,7,,0.00,6,,192
2015-6-13,73,60,50,47,45,41,89,64,35,30.14,30.08,30.00,10,10,5,8,4,,0.00,3,,236
2015-6-14,78,64,50,49,45,38,89,55,27,30.06,29.99,29.90,10,10,9,14,3,21,0.00,0,,22
2015-6-15,81,68,55,50,47,43,69,49,30,29.98,29.93,29.87,10,10,10,9,4,,0.00,0,,28
2015-6-16,73,62,51,49,47,46,86,66,39,30.14,30.08,30.01,10,10,10,10,7,,0.00,3,,217
2015-6-17,73,62,50,49,46,42,86,60,35,30.13,30.07,29.99,10,10,10,10,5,,0.00,1,,228
2015-6-18,75,65,57,53,49,45,81,60,44,30.06,29.99,29.95,10,10,10,10,5,,0.00,5,Rain,244
2015-6-19,75,64,55,53,49,43,90,66,33,30.15,30.12,30.06,10,10,8,12,6,17,0.04,5,Rain,234
2015-6-20,73,62,51,49,46,41,89,59,31,30.13,30.06,29.94,10,10,10,13,4,,0.00,1,,30
2015-6-21,78,67,57,48,45,41,67,49,30,30.02,29.93,29.90,10,10,10,13,8,20,0.00,0,,13
2015-6-22,75,65,55,50,48,45,80,60,34,30.12,30.08,30.04,10,10,10,12,7,,0.00,2,,224
2015-6-23,77,63,51,48,45,35,86,54,23,30.17,30.11,30.04,10,10,10,8,5,,0.00,0,,153
2015-6-24,77,67,59,53,51,46,78,57,36,30.11,30.08,30.04,10,10,10,10,3,,0.00,2,Rain,314
2015-6-25,86,70,57,55,53,48,84,55,31,30.16,30.11,30.06,10,10,10,15,4,22,0.00,0,,355
2015-6-26,84,73,62,57,56,55,84,59,38,30.11,30.04,29.94,10,10,10,16,6,,0.00,0,,6
2015-6-27,88,74,61,56,54,49,81,51,27,30.00,29.95,29.88,10,10,10,13,6,,0.00,0,,20
2015-6-28,81,72,66,59,55,50,70,57,46,30.02,29.95,29.91,10,10,10,10,3,,0.00,2,Rain-Thunderstorm,246
2015-6-29,80,71,62,60,58,56,84,66,48,30.07,29.99,29.93,10,10,10,9,5,,0.00,0,,241
2015-6-30,86,72,59,59,57,52,90,71,35,30.14,30.08,30.01,10,10,5,8,5,,0.00,3,,243
2015-7-1,84,70,59,56,54,51,78,53,37,30.07,30.01,29.93,10,10,10,14,5,21,0.00,0,,11
2015-7-2,90,76,63,55,54,51,70,46,30,30.02,29.97,29.92,10,10,10,12,4,,0.00,0,,26
2015-7-3,89,74,61,57,54,52,83,50,31,29.98,29.91,29.83,10,10,10,10,2,,0.00,0,,203
2015-7-4,88,72,57,54,49,42,87,50,21,29.91,29.84,29.76,10,10,10,10,5,,0.00,0,,295
2015-7-5,88,76,64,57,48,42,68,41,21,29.91,29.83,29.78,10,10,9,12,4,,0.00,0,,351
2015-7-6,84,70,57,56,54,50,87,62,32,30.02,29.98,29.93,10,10,9,8,5,,0.00,0,,244
2015-7-7,80,67,55,55,53,51,87,68,42,30.07,30.00,29.88,10,10,10,9,5,,0.00,2,,187
2015-7-8,82,70,57,57,55,52,87,61,37,29.93,29.84,29.72,10,9,6,7,3,,0.00,0,,322
2015-7-9,80,68,57,59,56,55,93,75,48,29.79,29.75,29.68,10,10,10,13,6,20,0.00,2,,238
2015-7-10,69,64,60,56,55,54,82,74,61,29.90,29.87,29.81,10,10,10,10,8,,0.00,8,,214
2015-7-11,69,64,61,58,55,53,87,75,59,30.00,29.93,29.88,10,10,10,9,5,,0.00,8,Rain,225
2015-7-12,78,69,61,59,56,52,90,72,42,30.04,30.01,29.98,10,10,10,10,5,17,0.00,5,Rain,209
2015-7-13,77,68,61,58,55,49,90,71,40,30.10,30.06,30.01,10,10,9,12,4,,0.00,5,,217
2015-7-14,78,66,55,54,51,48,84,58,35,30.08,30.03,29.96,10,10,10,7,4,,0.00,1,,8
2015-7-15,79,66,55,54,53,51,90,65,39,30.09,30.06,30.02,10,10,10,12,5,18,0.00,1,,230
2015-7-16,78,68,59,54,51,45,80,64,34,30.16,30.12,30.09,10,10,10,9,4,,0.00,5,,203
2015-7-17,78,66,55,53,49,46,89,56,33,30.15,30.08,29.99,10,10,10,14,5,22,0.00,0,,5
2015-7-18,91,75,59,54,50,44,72,44,20,30.03,29.97,29.90,10,10,10,12,3,,0.00,0,,21
2015-7-19,93,78,63,59,53,46,84,46,24,30.02,29.96,29.92,10,10,6,13,4,21,0.00,0,,222
2015-7-20,77,69,61,59,55,53,90,71,43,30.07,30.03,29.98,10,10,10,13,9,20,0.00,4,,222
2015-7-21,73,66,59,56,52,46,86,65,38,30.01,29.97,29.90,10,10,9,9,6,,0.00,6,,204
2015-7-22,73,64,55,52,50,47,87,66,41,29.97,29.93,29.86,10,10,10,9,5,,0.00,5,,195
2015-7-23,78,66,55,52,50,48,84,62,36,30.03,29.97,29.92,10,10,10,9,5,,0.00,2,,211
2015-7-24,73,64,55,59,54,51,90,72,53,30.10,30.06,30.03,10,10,10,12,7,,0.00,5,,211
2015-7-25,71,66,59,59,51,45,90,63,39,30.08,30.05,30.02,10,10,10,13,7,21,0.00,6,,213
2015-7-26,70,62,55,56,53,49,93,77,50,30.11,30.07,30.05,10,10,7,10,6,,0.13,7,Rain-Thunderstorm,192
2015-7-27,73,62,53,55,52,46,100,80,40,30.25,30.17,30.11,10,8,0,7,1,,0.00,6,Fog,244
2015-7-28,80,66,54,54,51,46,93,59,35,30.29,30.24,30.18,10,10,10,10,4,,0.00,0,,1
2015-7-29,87,72,57,54,50,36,84,49,16,30.19,30.14,30.06,10,10,10,15,6,,0.00,0,,14
2015-7-30,90,76,62,51,47,42,65,39,21,30.11,30.06,30.00,10,10,10,13,5,,0.00,0,,16
2015-7-31,93,76,60,52,46,40,69,38,19,30.09,30.03,29.96,10,10,10,14,3,,0.00,0,,22
2015-8-1,89,74,59,53,47,44,72,42,22,30.03,29.96,29.89,10,10,10,13,4,,0.00,0,,8
2015-8-2,84,72,60,55,52,48,72,50,32,29.95,29.91,29.86,10,10,10,8,3,,0.00,0,,313
2015-8-3,82,72,62,58,55,54,80,64,39,29.97,29.91,29.88,10,10,10,10,5,,0.00,0,,231
2015-8-4,79,68,57,55,53,49,88,69,36,30.02,29.99,29.96,10,10,10,10,6,,0.00,3,,211
2015-8-5,77,65,55,53,51,49,87,68,40,30.10,30.07,30.03,10,10,10,16,7,23,0.00,5,,184
2015-8-6,75,66,57,54,51,47,84,63,37,30.15,30.10,30.02,10,10,10,10,4,,0.00,3,,157
2015-8-7,81,68,55,58,51,47,84,56,31,30.02,29.94,29.85,10,10,10,8,4,,0.00,0,,13
2015-8-8,77,68,60,60,58,55,93,80,50,29.97,29.91,29.87,10,10,3,14,5,,0.00,6,Rain,219
2015-8-9,82,69,57,56,53,46,93,63,29,30.02,29.96,29.90,10,10,10,7,4,,0.00,1,,188
2015-8-10,82,71,60,59,55,51,90,63,34,29.97,29.92,29.86,10,10,9,7,2,,0.04,2,Rain,240
2015-8-11,82,69,57,57,54,51,87,58,35,29.99,29.93,29.86,10,10,10,12,4,20,0.00,0,,1
2015-8-12,84,72,61,60,55,52,76,58,37,30.01,29.95,29.91,10,10,6,8,4,,0.03,1,Rain-Thunderstorm,39
2015-8-13,82,71,61,60,58,56,93,72,47,30.05,29.99,29.91,10,10,10,10,5,,0.00,2,,218
2015-8-14,64,61,59,58,57,55,96,90,80,30.16,30.03,29.94,10,9,2,15,8,24,0.68,6,Rain-Thunderstorm,202
2015-8-15,70,63,57,56,54,50,93,76,51,30.25,30.23,30.17,10,10,10,14,10,20,0.00,6,,196
2015-8-16,73,64,55,53,52,50,90,66,46,30.28,30.22,30.14,10,10,10,12,4,17,0.00,1,,25
2015-8-17,79,66,54,54,51,48,90,59,36,30.15,30.10,30.03,10,10,10,12,5,20,0.00,0,,17
2015-8-18,82,70,59,56,54,53,81,60,38,30.07,30.00,29.92,10,10,10,10,4,,0.00,0,,13
2015-8-19,87,74,61,57,53,49,78,53,29,29.94,29.88,29.80,10,10,10,14,3,,0.00,0,,26
2015-8-20,72,64,57,58,53,49,93,74,44,29.97,29.93,29.88,10,9,3,12,8,20,0.03,5,Rain,213
2015-8-21,72,63,55,51,50,47,81,66,42,30.08,29.99,29.91,10,10,10,12,6,,0.00,5,,207
2015-8-22,75,64,54,53,50,45,90,63,38,30.12,30.05,29.97,10,10,6,9,2,,0.00,4,,24
2015-8-23,78,66,54,52,48,46,80,55,33,29.99,29.96,29.92,10,7,2,10,2,,0.00,0,,7
2015-8-24,77,64,53,51,48,45,86,61,33,30.08,30.04,30.00,10,10,10,9,5,,0.00,1,,233
2015-8-25,73,62,51,52,46,41,89,57,32,30.11,30.05,29.99,10,10,10,12,4,,0.00,0,,14
2015-8-26,80,66,54,51,46,41,80,50,26,30.03,29.99,29.95,10,10,10,9,3,,0.00,0,,26
2015-8-27,84,70,59,54,48,42,81,49,24,30.09,30.02,29.95,10,10,10,7,5,16,0.00,0,,244
2015-8-28,73,66,59,58,56,47,93,74,49,30.03,29.92,29.68,10,10,6,9,5,,0.05,6,Rain,227
2015-8-29,70,62,55,60,56,51,97,84,54,29.79,29.70,29.54,10,7,2,34,10,48,1.21,7,Rain,202
2015-8-30,69,60,55,56,54,50,100,83,56,30.02,29.88,29.77,10,9,2,15,8,16,0.49,7,Rain,190
2015-8-31,68,62,59,57,53,50,90,72,65,30.00,29.96,29.91,10,10,6,18,15,25,0.01,8,Rain,188
2015-9-1,64,60,57,58,56,53,97,86,70,29.91,29.84,29.79,10,8,2,15,10,24,0.43,7,Rain,189
2015-9-2,66,60,54,55,51,45,94,79,47,29.96,29.88,29.80,10,10,10,13,9,21,0.01,4,Rain,200
2015-9-3,63,56,50,52,49,44,94,82,53,30.04,30.00,29.97,10,10,10,13,6,,0.04,6,,190
2015-9-4,63,55,48,49,47,46,96,79,58,30.03,30.01,29.99,10,10,10,14,5,,0.00,4,,3
2015-9-5,69,57,48,50,48,46,100,76,49,30.15,30.10,30.02,10,10,10,12,4,25,0.00,3,,196
2015-9-6,62,57,52,55,52,48,100,85,72,30.17,30.13,30.08,10,9,4,10,4,,0.23,8,Rain,155
2015-9-7,70,62,55,56,53,48,97,80,47,30.22,30.19,30.15,10,9,3,6,1,,0.00,6,Rain,215
2015-9-8,73,63,55,59,55,51,90,77,63,30.17,30.11,30.06,10,10,10,12,5,,0.00,4,,190
2015-9-9,73,64,55,58,56,53,100,82,53,30.10,30.08,30.04,10,8,0,8,2,,0.00,4,Fog,8
2015-9-10,73,64,55,57,55,54,97,77,53,30.12,30.08,30.02,10,10,10,16,5,,0.00,2,,7
2015-9-11,79,68,57,57,56,54,90,66,48,30.08,30.03,29.96,10,10,10,12,5,,0.00,0,,16
2015-9-12,79,66,55,59,55,50,93,67,40,30.04,30.00,29.95,10,10,10,14,4,18,0.00,0,,19
2015-9-13,70,62,55,58,51,40,93,72,37,30.00,29.95,29.89,10,10,3,12,6,21,0.00,6,,216
2015-9-14,62,57,52,48,46,41,83,71,51,29.90,29.82,29.75,10,10,10,12,7,22,0.00,4,,198
2015-9-15,64,56,48,49,46,42,89,72,46,29.84,29.82,29.80,10,10,10,10,7,16,0.00,4,,198
2015-9-16,66,58,50,54,48,46,96,72,48,29.88,29.84,29.82,10,10,7,9,2,,0.10,6,Rain,25
2015-9-17,64,60,55,56,53,50,97,83,63,30.11,29.95,29.82,10,9,2,14,4,21,0.23,6,Rain,201
2015-9-18,70,61,54,55,52,51,93,77,55,30.14,30.10,30.06,10,10,10,8,5,,0.00,5,,205
2015-9-19,69,62,55,60,56,53,97,81,65,30.06,30.02,29.97,10,10,9,14,7,22,0.00,7,Rain,198
2015-9-20,73,62,53,61,59,51,96,84,65,29.98,29.94,29.89,10,9,3,17,12,26,0.06,8,Rain,200
2015-9-21,64,56,48,52,48,43,100,81,46,30.11,30.05,29.98,10,8,0,12,3,,0.00,4,Fog,357
2015-9-22,64,54,45,49,44,38,97,76,43,30.04,30.02,29.98,10,8,0,6,2,,0.00,2,Fog,137
2015-9-23,69,56,46,48,46,44,96,69,47,30.06,30.04,29.98,10,10,10,7,2,,0.00,3,,241
2015-9-24,71,61,52,54,51,47,93,70,52,30.06,30.00,29.97,10,10,10,10,2,,0.00,3,,238
2015-9-25,57,57,54,55,53,51,100,90,78,30.08,30.05,30.01,10,8,2,16,7,24,0.10,8,Rain,340
2015-9-26,64,56,48,53,48,43,97,78,52,30.21,30.16,30.08,10,10,10,9,2,,0.00,4,,20
2015-9-27,61,52,44,47,44,41,93,72,50,30.22,30.16,30.09,10,10,10,16,6,21,0.00,1,,13
2015-9-28,66,58,51,49,46,44,86,68,48,30.08,30.01,29.94,10,10,10,15,7,22,0.00,0,,20
2015-9-29,70,58,48,50,48,44,96,69,44,29.96,29.93,29.90,10,10,9,8,3,,0.00,0,,36
2015-9-30,64,58,51,52,51,50,97,86,63,30.04,30.00,29.96,10,10,8,7,4,,0.00,4,,211
2015-10-1,66,58,50,53,51,50,100,88,54,30.15,30.03,29.98,10,5,0,7,1,,0.00,4,Fog,24
2015-10-2,60,56,52,55,52,51,100,91,75,30.22,30.17,30.06,10,7,1,14,6,,0.05,8,Rain,200
2015-10-3,64,57,51,50,46,40,93,72,47,30.09,30.06,30.01,10,10,10,15,5,17,0.00,4,,18
2015-10-4,69,58,48,49,45,41,96,62,42,30.00,29.93,29.86,10,10,8,10,4,,0.00,0,,17
2015-10-5,70,59,48,50,48,44,90,69,47,29.91,29.88,29.86,10,10,10,7,2,,0.00,0,,17
2015-10-6,62,56,51,54,51,49,96,83,70,30.10,30.01,29.90,10,10,10,9,3,,0.00,1,,203
2015-10-7,57,56,55,57,55,53,100,95,84,30.17,30.13,30.09,10,6,0,7,3,,0.39,7,Fog-Rain,178
2015-10-8,66,59,54,59,56,54,100,97,78,30.17,30.12,29.98,10,2,0,6,1,,0.00,2,Fog,219
2015-10-9,66,58,52,59,55,52,100,95,75,29.98,29.94,29.91,10,4,0,13,2,,0.03,5,Fog-Rain,198
2015-10-10,69,60,55,62,58,51,100,90,70,29.96,29.77,29.62,10,6,0,21,9,34,1.35,7,Fog-Rain,196
2015-10-11,64,58,51,52,50,48,97,81,56,30.22,30.13,29.99,10,10,10,15,8,26,0.00,2,,211
2015-10-12,64,56,48,58,54,48,97,89,65,30.15,30.11,30.06,10,7,3,10,5,,0.05,6,Rain,198
2015-10-13,60,56,52,58,53,48,100,93,75,30.27,30.20,30.14,10,7,2,13,5,,0.11,6,Rain,6
2015-10-14,57,54,50,49,48,47,93,85,74,30.26,30.20,30.11,10,10,5,13,7,20,0.00,4,,18
2015-10-15,66,58,51,50,47,45,89,73,47,30.11,30.03,29.96,10,10,10,9,5,,0.00,0,,20
2015-10-16,66,56,46,54,49,45,100,80,59,29.97,29.92,29.86,10,10,2,8,1,,0.00,0,,242
2015-10-17,61,57,53,56,54,52,100,93,81,29.96,29.90,29.85,10,8,1,6,2,,0.05,6,Rain,217
2015-10-18,57,56,55,57,56,54,100,98,93,30.04,29.99,29.96,10,5,0,7,4,,0.06,8,Fog-Rain,183
2015-10-19,62,58,55,57,56,54,100,94,75,30.16,30.00,29.94,10,8,0,8,5,,0.07,8,Fog-Rain,192
2015-10-20,63,58,51,54,51,47,100,87,58,30.30,30.24,30.16,10,8,0,7,2,,0.00,4,Fog,348
2015-10-21,60,53,46,52,50,47,100,93,67,30.19,30.15,30.13,10,5,0,8,2,,0.01,5,Fog,170
2015-10-22,59,54,48,52,48,43,100,84,58,30.29,30.26,30.20,10,10,5,8,2,,0.00,5,,16
2015-10-23,54,50,46,47,46,44,100,88,74,30.25,30.16,30.04,10,8,5,12,2,,0.00,3,,13
2015-10-24,55,52,50,48,47,46,93,86,72,30.02,29.95,29.85,10,8,2,13,6,18,0.00,5,Rain,16
2015-10-25,57,52,48,54,50,46,97,89,77,29.85,29.74,29.67,10,9,4,22,6,32,0.38,8,Rain-Thunderstorm,201
2015-10-26,55,53,48,52,50,48,100,91,83,30.05,29.96,29.83,10,8,2,18,11,28,0.20,8,Rain,176
2015-10-27,60,52,46,51,49,46,100,91,72,30.05,30.01,29.94,10,7,0,7,2,,0.00,3,Fog,7
2015-10-28,55,53,51,54,52,50,100,95,87,30.00,29.96,29.91,10,8,1,12,4,18,0.18,7,Rain,180
2015-10-29,60,56,53,55,53,52,100,92,80,30.08,30.03,29.96,10,9,2,15,10,23,0.09,6,Rain,191
2015-10-30,63,58,53,57,54,51,100,90,72,29.97,29.79,29.68,10,8,2,28,12,34,0.75,7,Rain,187
2015-10-31,59,56,53,58,54,49,100,93,80,29.73,29.68,29.60,10,6,2,22,11,32,2.22,8,Rain,193
2015-11-1,55,52,48,51,48,45,93,86,77,29.88,29.78,29.67,10,9,2,22,13,39,0.66,7,Rain-Thunderstorm,193
2015-11-2,52,49,46,49,46,43,93,89,80,30.01,29.93,29.87,10,10,10,14,8,,0.07,7,Rain,234
2015-11-3,50,46,42,43,42,40,97,87,71,30.17,30.09,30.00,10,10,6,8,2,,0.03,5,Rain,17
2015-11-4,50,44,37,44,41,36,97,86,63,30.22,30.17,30.14,10,10,9,8,4,,0.00,7,Rain,175
2015-11-5,55,50,44,49,45,41,96,88,68,30.31,30.17,30.12,10,10,5,16,8,22,0.03,7,Rain,195
2015-11-6,59,54,48,49,47,46,96,85,67,30.32,30.27,30.11,10,9,5,10,2,,0.00,7,Rain,190
2015-11-7,54,52,50,52,49,46,96,90,80,30.09,29.89,29.81,10,8,2,12,6,21,0.15,8,Rain,192
2015-11-8,51,48,44,48,46,42,100,92,77,29.86,29.83,29.79,10,9,3,15,4,20,0.00,7,Rain-Thunderstorm,180
2015-11-9,48,42,37,45,43,38,100,93,83,30.16,29.98,29.84,10,9,1,7,1,,0.03,5,Rain,326
2015-11-10,50,44,37,43,41,38,100,92,74,30.27,30.20,30.06,10,4,0,28,4,33,0.00,6,Fog-Rain,183
2015-11-11,51,46,42,45,40,37,93,77,61,30.37,30.25,30.08,10,10,10,20,13,33,0.11,3,Rain,207
2015-11-12,50,46,42,47,41,37,89,82,69,30.36,30.15,29.89,10,10,8,25,11,40,0.40,6,Rain,179
2015-11-13,55,52,50,53,51,48,97,95,89,29.89,29.86,29.83,10,5,2,24,19,38,1.32,8,Rain,193
2015-11-14,50,46,43,50,44,41,100,95,93,29.83,29.73,29.51,9,4,2,16,7,24,2.04,8,Rain,15
2015-11-15,46,42,37,41,38,35,97,89,71,30.06,29.72,29.48,10,8,4,21,12,40,0.79,6,Rain,177
2015-11-16,48,41,36,47,40,34,97,87,71,30.15,30.02,29.88,10,9,4,18,8,30,0.34,6,Rain,181
2015-11-17,55,50,45,53,48,36,97,90,68,30.02,29.79,29.56,10,7,2,31,18,50,1.32,7,Rain,200
2015-11-18,46,44,42,42,39,36,93,81,71,30.29,30.22,30.06,10,10,7,15,9,21,0.02,5,Rain,196
2015-11-19,46,42,37,41,38,32,96,82,65,30.43,30.19,30.08,10,10,8,17,6,25,0.03,5,Rain,16
2015-11-20,45,40,36,36,35,31,100,84,60,30.56,30.49,30.41,10,9,2,15,5,,0.00,2,,15
2015-11-21,46,40,35,35,32,29,89,72,51,30.41,30.34,30.24,10,10,10,12,8,,0.00,0,,9
2015-11-22,46,40,34,36,33,31,96,76,54,30.22,30.09,29.97,10,10,9,9,3,,0.00,0,,12
2015-11-23,43,40,36,41,38,34,100,95,76,29.96,29.87,29.72,10,4,0,10,1,,0.01,7,Fog-Rain,193
2015-11-24,43,40,37,39,32,19,97,76,41,30.13,29.86,29.72,10,9,4,23,8,34,0.02,6,Rain,352
2015-11-25,44,40,34,28,24,18,73,51,35,30.38,30.28,30.14,10,10,10,20,13,29,0.00,0,,17
2015-11-26,46,39,32,35,31,26,92,72,48,30.47,30.43,30.38,10,10,10,12,2,,0.00,0,,7
2015-11-27,46,38,30,36,32,28,100,87,58,30.43,30.39,30.35,10,7,0,6,2,,0.00,0,Fog,12
2015-11-28,42,36,30,36,32,29,100,96,73,30.35,30.29,30.22,10,2,0,5,1,,0.00,5,Fog,244
2015-11-29,36,34,32,34,33,31,100,98,89,30.24,30.20,30.15,5,1,0,5,1,,0.00,7,Fog,312
2015-11-30,39,32,28,38,33,28,100,95,76,30.17,30.13,30.09,10,3,0,6,1,,0.07,8,Fog-Rain,240
2015-12-1,48,42,37,44,39,37,100,94,77,30.19,30.12,29.99,10,5,0,7,1,,0.52,7,Fog-Rain,339
2015-12-2,48,44,41,45,42,38,100,94,71,30.06,29.99,29.72,10,6,2,6,2,,0.20,8,Rain,23
2015-12-3,55,50,44,49,46,42,100,93,64,29.73,29.52,29.39,10,6,1,16,4,29,0.28,7,Rain,226
2015-12-4,50,47,44,45,42,38,93,86,76,30.14,29.94,29.73,10,10,5,17,10,28,0.03,5,Rain,185
2015-12-5,48,46,44,45,42,36,100,88,66,30.10,29.90,29.78,10,8,1,9,2,,0.45,7,Rain,181
2015-12-6,53,50,46,48,45,41,97,82,66,29.95,29.83,29.73,10,9,2,25,8,39,0.23,7,Rain,172
2015-12-7,52,49,46,51,46,42,100,93,74,29.90,29.78,29.61,10,5,1,15,6,24,1.07,8,Rain,173
2015-12-8,57,54,50,56,52,48,97,95,89,29.88,29.66,29.46,10,6,2,23,10,36,1.98,8,Rain,190
2015-12-9,54,50,45,52,45,38,96,81,68,29.86,29.65,29.44,10,9,3,24,12,44,0.58,6,Rain-Thunderstorm,201
2015-12-10,50,46,43,45,41,35,97,82,57,29.50,29.30,29.14,10,8,2,28,13,43,0.49,7,Rain,173
2015-12-11,46,44,41,43,40,37,100,88,71,29.85,29.65,29.50,10,10,8,13,6,16,0.06,7,Rain,333
2015-12-12,48,45,42,44,41,39,96,89,79,29.88,29.61,29.38,10,8,2,23,8,32,0.55,7,Rain,172
2015-12-13,46,44,42,41,39,37,89,84,79,29.89,29.64,29.50,10,10,3,23,17,36,0.15,6,Rain,199
2015-12-14,43,39,35,37,36,33,97,88,71,30.33,30.17,29.91,10,8,0,6,3,,0.18,5,Fog-Rain,179
2015-12-15,42,38,33,40,37,33,100,95,89,30.36,30.28,30.16,10,5,0,20,6,28,0.00,8,Fog-Rain,191
2015-12-16,43,40,37,41,36,31,96,84,73,30.28,30.19,30.04,10,10,7,12,5,,0.03,5,Rain,20
2015-12-17,43,40,37,42,38,31,100,93,70,30.01,29.70,29.49,10,5,1,7,4,,1.05,8,Rain,34
2015-12-18,48,44,39,46,41,38,97,91,79,29.87,29.73,29.44,10,8,2,16,8,25,0.82,8,Rain,192
2015-12-19,46,42,39,40,38,36,97,87,71,29.94,29.88,29.80,10,10,10,16,6,23,0.00,7,Rain,173
2015-12-20,46,44,41,40,38,36,96,86,68,29.81,29.75,29.63,10,9,7,26,13,37,0.20,7,Rain,185
2015-12-21,42,38,35,39,38,34,97,92,85,29.75,29.43,29.13,10,8,2,16,8,24,1.09,8,Rain,164
2015-12-22,44,40,37,38,36,35,93,87,73,29.61,29.51,29.43,10,10,4,24,11,37,0.23,6,Rain,190
2015-12-23,39,38,37,37,36,35,93,89,83,29.60,29.53,29.47,10,9,3,25,17,39,0.58,7,Rain,195
2015-12-24,41,38,36,37,36,34,97,89,82,29.94,29.73,29.52,10,9,5,20,12,28,0.25,7,Rain,204
2015-12-25,39,38,36,37,36,34,97,93,82,30.52,30.21,29.93,10,9,3,8,4,,0.05,8,Rain,207
2015-12-26,39,36,34,35,33,30,100,88,73,30.57,30.49,30.28,10,9,6,8,3,,0.00,7,,183
2015-12-27,39,36,34,37,35,32,100,94,77,30.25,30.07,30.01,10,6,2,9,2,,0.48,8,Rain,341
2015-12-28,41,39,37,38,37,35,100,95,82,30.18,30.11,30.04,10,7,2,5,1,,0.04,8,Rain,331
2015-12-29,43,40,36,37,36,31,97,89,73,30.24,30.15,30.12,10,7,2,9,2,,0.00,6,,5
2015-12-30,41,36,30,30,27,24,92,70,51,30.49,30.41,30.25,10,10,10,12,6,,0.00,0,,11
2015-12-31,41,34,28,26,22,18,92,64,41,30.58,30.53,30.49,10,10,10,9,4,,0.00,0,,17
